VPI 
    0.0000000000000000E+00 
    3.9572159048194199E-03 
    8.5080141953617523E-03 
    1.3741432229485434E-02 
    1.9759862968727667E-02 
    2.6681058318856234E-02 
    3.4640432971504084E-02 
    4.3793713822049114E-02 
    5.4319986800175898E-02 
    6.6425200725021699E-02 
    8.0346196738594375E-02 
    9.6355342154202939E-02 
    1.1476585938215279E-01 
    1.3593795419429511E-01 
    1.5393423478461610E-01 
    1.6923107328638892E-01 
    1.8223338601289582E-01 
    1.9328535183042669E-01 
    2.0267952277532794E-01 
    2.1066456807849399E-01 
    2.1745185658618513E-01 
    2.2322105181772259E-01 
    2.2812486776452945E-01 
    2.3229311131931527E-01 
    2.3583611834088322E-01 
    2.3888749738491935E-01 
    2.4148116957235008E-01 
    2.4405168157944174E-01 
    2.4667719570383637E-01 
    2.4951010162643689E-01 
    2.5208318487352666E-01 
    2.5427030563355296E-01 
    2.5612935827957534E-01 
    2.5826726882250106E-01 
    2.6072586594686564E-01 
    2.6355325263988488E-01 
    2.6680474733685700E-01 
    2.6987889934288145E-01 
    2.7249192854800225E-01 
    2.7549691213389116E-01 
    2.7895264325766339E-01 
    2.8263118905081386E-01 
    2.8575795297499179E-01 
    2.8927685786331275E-01 
    2.9234961858341396E-01 
    2.9572467934942143E-01 
    2.9859348100052779E-01 
    3.0171274710579793E-01 
    3.0477931587559665E-01 
    3.0763618815718530E-01 
    3.1092159128101227E-01 
    3.1373407453724944E-01 
    3.1690079304174695E-01 
    3.2054251932191913E-01 
    3.2391956479880463E-01 
    3.2679005345415729E-01 
    3.2922996881120709E-01 
    3.3130389686469941E-01 
    3.3306673571016787E-01 
    3.3502631321600307E-01 
    3.3700797316476649E-01 
    3.3928688210584440E-01 
    3.4173890259386125E-01 
    3.4395787102128456E-01 
    3.4650968471282134E-01 
    3.4867872635062763E-01 
    3.5117312423410485E-01 
    3.5329336243506049E-01 
    3.5573163636615945E-01 
    3.5853565138692328E-01 
    3.6091906415457253E-01 
    3.6365998883736916E-01 
    3.6663560120615346E-01 
    3.6955221880183575E-01 
    3.7290632903687038E-01 
    3.7651396046763325E-01 
    3.7958044718378170E-01 
    3.8218696089250787E-01 
    3.8440249754492511E-01 
    3.8695036469520494E-01 
    3.8988041191802675E-01 
    3.9324996622427183E-01 
    3.9637391775790848E-01 
    3.9996646202159064E-01 
    4.0302012464572046E-01 
    4.0649740405682022E-01 
    4.0959741528358223E-01 
    4.1316242819435856E-01 
    4.1619268916851843E-01 
    4.1967748928880227E-01 
    4.2300362740306557E-01 
    4.2682868623446835E-01 
    4.3041935452781865E-01 
    4.3347142257716642E-01 
    4.3698130083391634E-01 
    4.4039638564397643E-01 
    4.4432373317554558E-01 
    4.4766197857737933E-01 
    4.5150096078948815E-01 
    4.5547140891310534E-01 
    4.5933978481099952E-01 
    4.6262790432420958E-01 
    4.6640924176440113E-01 
    4.7073807036397020E-01 
    4.7445216888663722E-01 
    4.7872338218770427E-01 
    4.8235391349361129E-01 
    4.8652902449540436E-01 
    4.9081407742466665E-01 
    4.9461613359969436E-01 
    4.9898849820097624E-01 
    5.0270500811206587E-01 
    5.0669493140865596E-01 
    5.1033923828369410E-01 
    5.1343689912747648E-01 
    5.1606991084469156E-01 
    5.1837199075173002E-01 
    5.2079798467313543E-01 
    5.2358787768275161E-01 
    5.2665748104901300E-01 
    5.2926664391033518E-01 
    5.3226718120085570E-01 
    5.3502692826550302E-01 
    5.3775592285691520E-01 
    5.4007556825961556E-01 
    5.4230567525729878E-01 
    5.4487029830463440E-01 
    5.4752285309385906E-01 
    5.4994587280970719E-01 
    5.5273234548293249E-01 
    5.5555373248643614E-01 
    5.5828076629066925E-01 
    5.6110433936964865E-01 
    5.6422066532160342E-01 
    5.6743033833248369E-01 
    5.7112146229499605E-01 
    5.7456779900569022E-01 
    5.7793459563685956E-01 
    5.8079637277335350E-01 
    5.8408741648032148E-01 
    5.8775273848824083E-01 
    5.9190607793105166E-01 
    5.9572338554844950E-01 
    6.0005011511928463E-01 
    6.0450513450196597E-01 
    6.0897899331423611E-01 
    6.1388503512842529E-01 
    6.1892094171891276E-01 
    6.2384420744356262E-01 
    6.2921918415652101E-01 
    6.3510641383877398E-01 
    6.4039591263721629E-01 
    6.4576457749139771E-01 
    6.5179928513870766E-01 
    6.5753009916903793E-01 
    6.6412053530391779E-01 
    6.7057424421227041E-01 
    6.7676396390902527E-01 
    6.8348473457632986E-01 
    6.9016509721049890E-01 
    6.9784751423979330E-01 
    7.0605684982628858E-01 
    7.1502382306701717E-01 
    7.2434688516771217E-01 
    7.3406224314305923E-01 
    7.4425316250641771E-01 
    7.5405409988748828E-01 
    7.6516207157593386E-01 
    7.7672428496713075E-01 
    7.8956795916582267E-01 
    8.0315063805891052E-01 
    8.1877071878596153E-01 
    8.3498763068809478E-01 
    8.5176313370443602E-01 
    8.6964688847689553E-01 
    8.9014833745324384E-01 
    9.1136159230176428E-01 
    9.3331766843464903E-01 
    9.5700077640304015E-01 
    9.8423635056669001E-01 
    1.0155572608548873E+00 
    1.0515763076863143E+00 
    1.0929982115424552E+00 
    1.1406334009770174E+00 
COUNTIME 
    0.0000000000000000E+00 
    3.0771700611630325E+02 
    6.6159156315005202E+02 
    1.0685473037388631E+03 
    1.5365464054159957E+03 
    2.0747453723446979E+03 
    2.6936741843127056E+03 
    3.4054423180759145E+03 
    4.2239756719036050E+03 
    5.1652890288054487E+03 
    6.2477993892425693E+03 
    7.4926863037452576E+03 
    8.9243062554233493E+03 
    1.0570669199853153E+04 
    1.1970077702618488E+04 
    1.3159574929969021E+04 
    1.4170647573216975E+04 
    1.5030059319977736E+04 
    1.5760559304724382E+04 
    1.6381484291759032E+04 
    1.6909270530738486E+04 
    1.7357888833871020E+04 
    1.7739214391533675E+04 
    1.8063341115546929E+04 
    1.8338848830958195E+04 
    1.8576127070645165E+04 
    1.8777813574379088E+04 
    1.8977699119679997E+04 
    1.9181861683792518E+04 
    1.9402151238388240E+04 
    1.9602236725843748E+04 
    1.9772309390180930E+04 
    1.9916871154867535E+04 
    2.0083117184257128E+04 
    2.0274300118055162E+04 
    2.0494160491922899E+04 
    2.0746999921870800E+04 
    2.0986049009510469E+04 
    2.1189240734004186E+04 
    2.1422911217171964E+04 
    2.1691632272814910E+04 
    2.1977679616592995E+04 
    2.2220819858804367E+04 
    2.2494453368596794E+04 
    2.2733394268472835E+04 
    2.2995842317645882E+04 
    2.3218923159442973E+04 
    2.3461480363871673E+04 
    2.3699939771593898E+04 
    2.3922092973868374E+04 
    2.4177569156484020E+04 
    2.4396270624429580E+04 
    2.4642517774156819E+04 
    2.4925701996343145E+04 
    2.5188304378588760E+04 
    2.5411516403497531E+04 
    2.5601246624669988E+04 
    2.5762517312666576E+04 
    2.5899597397463676E+04 
    2.6051976074253605E+04 
    2.6206071903554050E+04 
    2.6383282107249561E+04 
    2.6573953635328042E+04 
    2.6746502805647942E+04 
    2.6944934351515825E+04 
    2.7113601165503529E+04 
    2.7307568001589385E+04 
    2.7472439812262364E+04 
    2.7662042394536289E+04 
    2.7880085364151302E+04 
    2.8065421888324065E+04 
    2.8278558891122742E+04 
    2.8509945439521529E+04 
    2.8736744496261505E+04 
    2.8997563411512478E+04 
    2.9278096384629618E+04 
    2.9516549411779186E+04 
    2.9719234484856319E+04 
    2.9891516796971882E+04 
    3.0089641455904781E+04 
    3.0317484813677613E+04 
    3.0579504675116372E+04 
    3.0822426223069408E+04 
    3.1101786003215399E+04 
    3.1339241816339490E+04 
    3.1609638488027362E+04 
    3.1850698414139650E+04 
    3.2127917329168780E+04 
    3.2363553406943542E+04 
    3.2634534896384517E+04 
    3.2893178671975307E+04 
    3.3190619013904718E+04 
    3.3469832916750107E+04 
    3.3707164734168691E+04 
    3.3980096324200065E+04 
    3.4245656682457273E+04 
    3.4551051094453062E+04 
    3.4810636344649480E+04 
    3.5109159382375365E+04 
    3.5417905338857447E+04 
    3.5718714058539066E+04 
    3.5974401470268444E+04 
    3.6268441993757224E+04 
    3.6605055969008798E+04 
    3.6893867928049032E+04 
    3.7226001680945308E+04 
    3.7508315370907141E+04 
    3.7832976114363250E+04 
    3.8166186050378266E+04 
    3.8461837683093239E+04 
    3.8801837060715457E+04 
    3.9090836531694345E+04 
    3.9401096896807387E+04 
    3.9684481788592049E+04 
    3.9925358946609012E+04 
    4.0130104530923432E+04 
    4.0309116531752508E+04 
    4.0497764208378401E+04 
    4.0714709036498185E+04 
    4.0953404417430051E+04 
    4.1156295491222132E+04 
    4.1389620226083025E+04 
    4.1604220875832078E+04 
    4.1816430182975069E+04 
    4.1996808094046610E+04 
    4.2170223410560000E+04 
    4.2369651024550403E+04 
    4.2575916297391741E+04 
    4.2764332696864287E+04 
    4.2981011556257712E+04 
    4.3200405388359781E+04 
    4.3412462222760601E+04 
    4.3632026046244668E+04 
    4.3874354621455881E+04 
    4.4123941955904200E+04 
    4.4410967390519771E+04 
    4.4678957927349453E+04 
    4.4940763349258355E+04 
    4.5163297957880925E+04 
    4.5419212757796879E+04 
    4.5704231807011638E+04 
    4.6027199572599049E+04 
    4.6324037172493474E+04 
    4.6660487925203422E+04 
    4.7006914620031785E+04 
    4.7354806287459425E+04 
    4.7736304930761929E+04 
    4.8127901986969780E+04 
    4.8510739978513084E+04 
    4.8928703461385492E+04 
    4.9386500239654677E+04 
    4.9797816875709374E+04 
    5.0215289542226899E+04 
    5.0684554352306077E+04 
    5.1130188095432110E+04 
    5.1642666900027049E+04 
    5.2144513660828183E+04 
    5.2625832360539476E+04 
    5.3148446106738797E+04 
    5.3667917684484702E+04 
    5.4265309998892488E+04 
    5.4903676019256403E+04 
    5.5600956689790830E+04 
    5.6325927180778774E+04 
    5.7081402985341527E+04 
    5.7873858911803909E+04 
    5.8635989455240611E+04 
    5.9499756273682404E+04 
    6.0398845374300807E+04 
    6.1397582129386959E+04 
    6.2453784617335572E+04 
    6.3668417478476476E+04 
    6.4929460519595050E+04 
    6.6233940155896096E+04 
    6.7624598540240811E+04 
    6.9218811403977874E+04 
    7.0868374993373873E+04 
    7.2575701097427125E+04 
    7.4417322897917446E+04 
    7.6535187968481318E+04 
    7.8970732799629768E+04 
    8.1771609355450491E+04 
    8.4992617394644316E+04 
    8.8696776639717224E+04 
STEP 
    1.8300000000000000E+02 
SATURATION 
    7.6062678617065171E-01 
    9.6332923037435336E-01 
    7.6120164237759880E-01 
    9.6332003645279551E-01 
    9.0640535324091032E-01 
    7.4369347957236698E-01 
    9.4905069370500950E-01 
    8.1706343574424523E-01 
    7.6467925289307570E-01 
    9.4671074673449240E-01 
    9.6018250176428666E-01 
    7.9438099018872010E-01 
    7.9370263293716359E-01 
    9.6043444876464956E-01 
    8.2014275269408488E-01 
    8.1936901062388323E-01 
    8.2863779121219183E-01 
    7.8320467349054068E-01 
    8.3548228052045581E-01 
    8.8751775542941103E-01 
    8.9208612674182097E-01 
    8.4766414135639123E-01 
    8.7497875561014682E-01 
    9.5525884833022490E-01 
    9.0154869782323732E-01 
    7.4679153679672683E-01 
    8.2028518197655997E-01 
    9.5737692176347555E-01 
    7.9769671203587311E-01 
    7.9712647947441118E-01 
    9.5692137415954970E-01 
    7.8339486015656123E-01 
    7.8291189692572249E-01 
    8.7398367476244743E-01 
    8.7315678190572132E-01 
    8.9520288290773331E-01 
    9.3174476536352657E-01 
    7.5238996957988480E-01 
    8.2733487538271888E-01 
    9.3400992765140223E-01 
    8.2867109389126936E-01 
    7.5850000920507443E-01 
    8.9209857812592264E-01 
    9.3253954547558293E-01 
    9.4174677145988950E-01 
    8.6275290070403365E-01 
    8.5836718357396058E-01 
    9.1103382917911402E-01 
    8.5046527732553046E-01 
    8.4429531770407773E-01 
    8.8436638961293224E-01 
    9.4667719552408980E-01 
    8.1016273254975713E-01 
    8.0946687486833790E-01 
    8.0247619541706383E-01 
    9.4995757619428745E-01 
    7.9810495296855644E-01 
    9.4012511692949474E-01 
    9.3100776589040868E-01 
    7.8737810148354370E-01 
    7.9003422238240895E-01 
    9.3301395882661586E-01 
    9.4778012307590354E-01 
    8.4494420512179602E-01 
    8.8885400164060813E-01 
    8.7801612390969930E-01 
    8.3075757889358626E-01 
    8.5878735046360244E-01 
    9.2198222490142490E-01 
    8.8074182949251112E-01 
    8.2792450558389075E-01 
    8.3502209741014088E-01 
    9.5537399506304332E-01 
    8.5716192295708293E-01 
    9.1527462418630212E-01 
    8.6664581212079195E-01 
    7.7383596703719837E-01 
    9.3743936897327240E-01 
    7.7422332166914343E-01 
    9.3577207534799922E-01 
    9.3051714672913843E-01 
    7.7630594714611223E-01 
    9.5745807248407366E-01 
    7.5546402351987774E-01 
    9.1728284418066086E-01 
    9.6507486696911005E-01 
    8.6205982557452931E-01 
    9.0721441571484307E-01 
    8.5931940124380346E-01 
    9.4664059543190338E-01 
    7.9006539406010023E-01 
    9.1355352135970846E-01 
    7.8222435874758789E-01 
    8.3187759887915214E-01 
    8.8237650041252391E-01 
    9.2987879096092196E-01 
    8.4576172706391584E-01 
    8.6710429718252435E-01 
    8.7424479733606386E-01 
    8.8314111053408517E-01 
    8.3648932805494447E-01 
    8.2966022698840569E-01 
    7.7951837682603842E-01 
    9.4080954013512741E-01 
    7.7923009721147962E-01 
    9.3918248962421824E-01 
    9.6213202083390126E-01 
    8.4602230078044582E-01 
    8.7931979850446018E-01 
    8.7665854183257574E-01 
    7.8892969862370710E-01 
    9.4804670615420639E-01 
    8.9553301842173705E-01 
    8.0779202865845590E-01 
    7.8909187951590554E-01 
    9.0982306754260667E-01 
    8.6478924629754050E-01 
    9.6173612130696384E-01 
    8.5797177464774443E-01 
    8.9625002291421541E-01 
    9.1842705441394057E-01 
    8.1954295844750991E-01 
    7.5802459491430030E-01 
    8.8614687005281423E-01 
    9.4913873604779364E-01 
    7.9926649712510900E-01 
    7.9136738763403547E-01 
    9.3828475942549339E-01 
    9.0484763250221778E-01 
    7.7879423141197268E-01 
    8.3232285118648530E-01 
    8.7807373139722744E-01 
    8.8132027259185175E-01 
    8.8428959184082767E-01 
    9.3468692672474973E-01 
    8.4042636367334844E-01 
    7.6982339775212671E-01 
    9.2156374787574946E-01 
    9.6998548752563762E-01 
    7.9869211585510669E-01 
    7.5551021130371654E-01 
    7.9850954267052476E-01 
    9.2525134575621748E-01 
    9.6981303156222376E-01 
    8.4586857267343873E-01 
    8.3821733735520143E-01 
    8.8559459782819794E-01 
    9.4689660992742064E-01 
    9.0268846509707290E-01 
    9.0583840480391820E-01 
    7.6439120017880591E-01 
    8.2661915279484766E-01 
    8.9754784417443179E-01 
    7.6887504300002218E-01 
    8.2541280007100548E-01 
    8.9627720488331586E-01 
    7.4833328618520933E-01 
    9.3818160515052074E-01 
    8.2755343619393362E-01 
    9.3752722542870115E-01 
    9.0027621674106673E-01 
    8.7262303626222648E-01 
    8.4835988463289780E-01 
    8.8011470055351670E-01 
    9.2830648550677952E-01 
    8.7726393127521540E-01 
    8.9159656168384804E-01 
    8.4252897634391621E-01 
    8.9407656827711546E-01 
    7.9784358779400377E-01 
    8.0000455907018198E-01 
    9.0336928170298525E-01 
    7.7690815465207153E-01 
    8.1037378609864075E-01 
    9.1597728570938353E-01 
    9.0179471226141306E-01 
    9.0030476694967287E-01 
    7.9512242788398146E-01 
    8.0402358767685078E-01 
    9.1999064737474001E-01 
    8.3633641150342641E-01 
    8.1859052341998184E-01 
    8.8115022639779705E-01 
    9.3035305497138743E-01 
    8.3465890039554202E-01 
    8.1268289771164992E-01 
    8.8498011198707460E-01 
    8.6244872810116635E-01 
    8.8221381404539634E-01 
    8.4086120030935152E-01 
    9.5836863513383952E-01 
    9.3689069880766063E-01 
    8.4145126429409234E-01 
    8.5155695489809857E-01 
    8.7979631642023870E-01 
    9.2506639252179046E-01 
    9.3568476483253449E-01 
    8.0715891755006108E-01 
    8.3409208191204331E-01 
    8.8663878504106641E-01 
    8.8044522600135866E-01 
    9.5297119695030075E-01 
    8.6836439570535162E-01 
    8.4201899665381619E-01 
    9.0844954886770501E-01 
    7.5789166977690658E-01 
    8.1054679281850583E-01 
    9.3885842426607191E-01 
    8.1524869024638924E-01 
    9.3514895076267712E-01 
    8.8657492119735137E-01 
    9.2926344977516662E-01 
    8.2023444785991206E-01 
    8.3399636964056190E-01 
    9.5721839739835046E-01 
    7.8637483855333490E-01 
    7.8620591937630491E-01 
    9.5947471323026379E-01 
    9.1839738387098424E-01 
    7.7463202085542382E-01 
    9.6265276253647325E-01 
    8.4064219632356685E-01 
    8.4656770809881765E-01 
    8.8179614995149935E-01 
    9.5539281949605148E-01 
    8.4414269442588530E-01 
    8.7982570751297107E-01 
    8.7907666619113545E-01 
    7.7873242174922708E-01 
    9.5337728336465688E-01 
    9.0752978450961164E-01 
    9.2736806264571325E-01 
    7.6695986237618319E-01 
    8.1322111367160888E-01 
    8.9958589877605488E-01 
    7.7364511607349706E-01 
    8.1955865320267385E-01 
    9.3877365560470916E-01 
    8.2796572316025774E-01 
    7.5487447678377873E-01 
    8.9390435179655980E-01 
    8.8354891177838324E-01 
    9.3921196303093701E-01 
    8.7620073623398209E-01 
    8.3979147086470096E-01 
    7.3384641254119465E-01 
    9.1026598003879067E-01 
    9.2384346561391895E-01 
    8.7501822718320899E-01 
    8.9407373424868763E-01 
    8.4214905643717841E-01 
    9.4176127788180919E-01 
    8.5365676468901341E-01 
    9.2523451724867778E-01 
    8.6798836675794011E-01 
    8.6607004721908343E-01 
    9.6823337259754050E-01 
    9.0100525095316453E-01 
    8.5509499935264655E-01 
    9.3171358188208686E-01 
    7.9308742280968747E-01 
    7.8967547541385552E-01 
    9.2782618605118827E-01 
    9.2358190182901567E-01 
    7.7903494577796739E-01 
    8.7086189164563965E-01 
    9.4079532458904491E-01 
    8.4059886577880782E-01 
    8.4782126210632147E-01 
    8.8121637218342874E-01 
    9.3534304835202242E-01 
    8.5082231391276342E-01 
    9.0245930906492988E-01 
    8.6997201608826935E-01 
    9.4002601217838888E-01 
    8.5667623714453911E-01 
    9.2884825988412767E-01 
    8.6391982696366199E-01 
    9.5448722801275576E-01 
    8.2389463561525977E-01 
    7.3369577666046149E-01 
    8.9978905594855363E-01 
    9.1186683820311265E-01 
    7.6997211384688924E-01 
    8.1025366493004292E-01 
    9.3082473312697445E-01 
    9.2604356502184326E-01 
    7.7413261067425843E-01 
    9.2034104662314153E-01 
    7.7235492667567185E-01 
    9.0369509327792519E-01 
    8.1488054866357185E-01 
    7.5992555197722644E-01 
    9.1614295573432425E-01 
    9.4063448991950793E-01 
    8.2249770346393303E-01 
    7.4130962919889654E-01 
    9.0073259851933674E-01 
    9.0403368121798400E-01 
    9.2392225985729959E-01 
    8.1762780478931596E-01 
    7.6218719529930801E-01 
    8.6610985200579538E-01 
    9.2994880548230019E-01 
    8.5247572814312345E-01 
    8.9379805005376167E-01 
    9.5565783094526724E-01 
    7.6458101860976813E-01 
    8.2926065026264528E-01 
    8.7709980138664301E-01 
    7.6905031140712143E-01 
    8.3201012209639424E-01 
    9.0146189150611888E-01 
    8.8129811717269790E-01 
    8.2190072669022785E-01 
    7.7427464161489212E-01 
    9.6833712698108310E-01 
    8.4815348815804004E-01 
    9.0040808141502682E-01 
    8.7332525487661061E-01 
    9.5131199748511674E-01 
    7.9434756717784949E-01 
    8.8492306085195294E-01 
    9.2388334810742412E-01 
    8.5509313303250467E-01 
    9.0700500462628442E-01 
    8.6205538167146412E-01 
    8.6200038801645218E-01 
    9.2817342658768198E-01 
    8.5525651935443547E-01 
    7.7014670498327997E-01 
    9.5143016150529047E-01 
    9.5863327970935874E-01 
    7.7525837778280182E-01 
    7.3727712319276872E-01 
    8.2289528541908863E-01 
    9.0185668552974851E-01 
    9.0101421163518336E-01 
    8.0580107854166894E-01 
    8.3788564455643944E-01 
    9.2451808648574896E-01 
    8.1251520406841082E-01 
    7.7333023382891986E-01 
    9.0767278134152185E-01 
    8.5734031976448855E-01 
    8.4400419390075232E-01 
    8.4405131669358580E-01 
    8.3850981795956148E-01 
    7.9911020998028937E-01 
    9.2121755314263587E-01 
    8.0717778856780886E-01 
    7.8599161396307016E-01 
    9.1199318904941840E-01 
    9.6467538080165660E-01 
    8.1528769539332047E-01 
    8.5254244446835903E-01 
    7.2836984770775726E-01 
    8.1530337368423744E-01 
    9.0825777674735209E-01 
    9.6439094404465786E-01 
    9.4021965072391200E-01 
    7.7248104621987168E-01 
    7.7200365036147489E-01 
    9.4142709622512755E-01 
    9.3710021064392746E-01 
    8.0087006099053748E-01 
    7.7553756155953324E-01 
    9.2199570189017122E-01 
    9.3301731587108250E-01 
    8.7246009111122536E-01 
    8.9932051007057356E-01 
    8.4702108869875725E-01 
    9.1384015979866873E-01 
    8.6235465174340253E-01 
    8.4175968235826348E-01 
    8.6104990852828556E-01 
    7.9142925677045828E-01 
    8.9389903256337122E-01 
    9.1017200779690832E-01 
    8.1803561157029747E-01 
    7.6826350467063320E-01 
    9.6768086889786620E-01 
    8.0984235484864220E-01 
    7.4061463215843271E-01 
    8.0968812152920400E-01 
    9.1397748979855176E-01 
    9.6709858019020523E-01 
    8.6542139737510304E-01 
    9.6044471584964086E-01 
    9.1071262462798419E-01 
    8.5745059825967018E-01 
    8.9008383087585796E-01 
    9.3255264862506315E-01 
    8.4256122496985897E-01 
    8.5687816957842966E-01 
    8.7776199822243006E-01 
    8.8882787104049510E-01 
    9.7071753883192857E-01 
    8.2237847121702667E-01 
    8.3386978249403332E-01 
    8.9618880829358871E-01 
    7.3753036428193597E-01 
    9.0820548176767368E-01 
    9.2101980751784240E-01 
    8.2991842721425657E-01 
    7.6961038865910703E-01 
    9.4912532627782042E-01 
    7.7472026106592062E-01 
    8.9244082612506814E-01 
    9.5001774842811848E-01 
    7.6914302452900463E-01 
    8.3030934494293551E-01 
    9.2808445630100944E-01 
    8.1784974619892770E-01 
    7.5810355062619517E-01 
    9.0306959499748440E-01 
    8.8931524705846043E-01 
    9.3382253785569036E-01 
    8.0958580648029910E-01 
    8.3351824755695259E-01 
    8.7908518761938381E-01 
    8.4375423306236930E-01 
    8.7996647885779133E-01 
    9.4322433656433347E-01 
    9.3618021227378589E-01 
    7.9033355325692634E-01 
    7.9675665961998987E-01 
    9.4627765840103506E-01 
    7.8452550581304570E-01 
    9.3218982641948611E-01 
    9.5522651619759458E-01 
    8.1909903171155118E-01 
    8.5730319578017533E-01 
    8.5112647707201883E-01 
    8.5099436255457850E-01 
    8.5000578790110359E-01 
    8.5764454532910916E-01 
    8.5652752234304019E-01 
    8.8964614136844955E-01 
    8.8860382617350953E-01 
    8.7139079330771974E-01 
    8.3903956815719405E-01 
    9.0039976493313201E-01 
    8.0388336178426922E-01 
    9.3826208429256164E-01 
    7.6195209809252840E-01 
    9.2699329095032657E-01 
    9.6369433043065567E-01 
    7.9905192396175728E-01 
    7.6144555715568474E-01 
    7.9845235791421776E-01 
    9.2647244924253203E-01 
    9.6353865874083311E-01 
    9.4322206971434619E-01 
    7.9715850495067153E-01 
    9.4553478836277138E-01 
    8.5711588102508640E-01 
    9.2368998042533768E-01 
    8.6486739374714361E-01 
    9.3355868761240024E-01 
    7.6941117670114834E-01 
    7.7943076589303129E-01 
    8.8077175984899936E-01 
    8.8109447346368941E-01 
    8.3725202524445452E-01 
    8.7140804149193529E-01 
    8.6922051072374307E-01 
    7.7857511886159214E-01 
    9.3326252971668699E-01 
    8.1732958757460528E-01 
    7.5569106449177292E-01 
    9.0478324215504047E-01 
    8.9926205740174248E-01 
    9.5536143388759809E-01 
    7.3345268012037801E-01 
    8.2422195447488389E-01 
    9.4387976011021257E-01 
    8.7056469737539677E-01 
    9.2233698719431823E-01 
    8.5293220105719492E-01 
    9.0474202396081060E-01 
    9.5546676006062847E-01 
    7.2790932960540533E-01 
    8.1910753394908964E-01 
    8.8795760884842190E-01 
    7.9184851679205326E-01 
    9.4381818251349103E-01 
    9.4529633524725121E-01 
    8.1503268283962294E-01 
    7.5157962255074684E-01 
    9.1006125189147924E-01 
    8.7095829253077706E-01 
    9.6184755463718974E-01 
    9.0277953925376098E-01 
    8.5196651485428598E-01 
    8.8174096510333710E-01 
    8.8478072850155531E-01 
    7.9715019305285950E-01 
    8.0547800155053573E-01 
    8.8683629868349068E-01 
    8.1762201465714779E-01 
    7.7799113105475637E-01 
    9.0128547596902597E-01 
    8.9872245043484689E-01 
    8.5078723320563265E-01 
    8.7078860719740037E-01 
    9.6731087468994292E-01 
    9.6034721867700534E-01 
    8.0882176648021853E-01 
    9.1576197954266925E-01 
    9.5970826092616557E-01 
    7.5087609220659191E-01 
    8.0790232221205682E-01 
    7.4887189341932048E-01 
    9.1682898701370974E-01 
    8.7817795896330686E-01 
    8.4520442975899590E-01 
    8.7634652613162056E-01 
    9.6614186240662170E-01 
    8.3244393172397668E-01 
    8.6125072336413377E-01 
    9.5829166407670041E-01 
    8.1415982602968862E-01 
    9.0941465896244511E-01 
    9.5735471584203147E-01 
    7.3936034903310088E-01 
    8.1366642163277925E-01 
    8.8030989762195311E-01 
    7.9237274788953471E-01 
    8.3949133782174090E-01 
    8.2289953281186712E-01 
    9.5572327094829201E-01 
    8.2879602043242229E-01 
    7.5294288815869215E-01 
    8.9443044274443972E-01 
    9.2849014659062457E-01 
    9.4030487156544351E-01 
    9.2081849493198853E-01 
    8.2264813096214873E-01 
    7.5653366970217484E-01 
    9.4826137052875137E-01 
    8.2227217546564657E-01 
    7.3509711371686792E-01 
    9.0191926543846912E-01 
    7.6771424399286048E-01 
    9.2592928905810667E-01 
    8.0083820711487386E-01 
    8.8263444939317315E-01 
    8.2541942083033304E-01 
    7.6529785752099255E-01 
    9.0204816440753344E-01 
    9.0082805348935646E-01 
    9.2125646158945929E-01 
    7.5940052513066125E-01 
    8.1503286916483397E-01 
    8.9346619683288853E-01 
    8.7524758090671206E-01 
    9.4398245703606976E-01 
    8.4718008865224292E-01 
    7.5936347573164864E-01 
    9.2243760423243393E-01 
    8.9244433560950842E-01 
    7.8098521459458581E-01 
    8.1670778671622257E-01 
    8.7188477648059282E-01 
    8.4548268277745686E-01 
    8.7680087247723715E-01 
    9.7301012668272946E-01 
    8.7369139252802908E-01 
    9.5051976743144007E-01 
    9.0097888666746617E-01 
    8.4934611206797772E-01 
    9.2316009723214476E-01 
    7.6668188057334441E-01 
    8.1519324734118104E-01 
    8.8664748886443800E-01 
    9.6770321526366065E-01 
    8.3352886207264187E-01 
    9.1047947257994888E-01 
    7.5564504984455760E-01 
    9.4702863977800322E-01 
    9.0859813175780857E-01 
    8.7303496026547511E-01 
    8.4006279950797036E-01 
    8.3002065729256957E-01 
    9.3907562271587686E-01 
    8.1799451015407287E-01 
    7.4935942816800472E-01 
    9.0555255651174349E-01 
    8.7359597591337856E-01 
    9.5541314253487097E-01 
    8.4954560147149349E-01 
    9.1230458485079335E-01 
    8.7404033947130944E-01 
    9.5800808086678646E-01 
    8.5452961720893195E-01 
    9.1252524279504699E-01 
    8.6908924985564495E-01 
    8.8995104909167566E-01 
    9.2992658957675733E-01 
    8.9899289279001904E-01 
    9.0863580635289876E-01 
    8.0985100913313190E-01 
    7.8206732410263269E-01 
    9.7142423794572363E-01 
    8.9496152524922934E-01 
    7.6585101558426538E-01 
    8.2830798825066654E-01 
    9.0360645188476307E-01 
    8.0167637468545550E-01 
    9.0636210396276595E-01 
    7.9549175780410186E-01 
    9.2488576974417347E-01 
    8.3651735141224925E-01 
    8.2413311488995900E-01 
    8.8304350661706965E-01 
    8.0594434875466836E-01 
    9.4258085523512847E-01 
    8.8640869324368110E-01 
    9.5166034192592974E-01 
    8.3191673885368689E-01 
    8.3634587460961851E-01 
    9.4379470113658226E-01 
    8.1980527294229799E-01 
    7.4211911193114244E-01 
    9.0458980172855652E-01 
    8.0168271433513061E-01 
    8.8934893937278003E-01 
    9.5582659629092559E-01 
    8.3389796511941072E-01 
    8.9441322471553941E-01 
    7.8644244571329058E-01 
    8.1202622880076025E-01 
    9.2200622148770772E-01 
    9.4962706381997664E-01 
    8.6595550483892503E-01 
    8.5691698441382291E-01 
    9.2886057623432250E-01 
    7.8104621314150646E-01 
    9.6516844264840662E-01 
    7.8021569669531532E-01 
    9.6575280735188596E-01 
    9.4453548875665916E-01 
    7.7989223846536049E-01 
    7.6195703772823320E-01 
    9.2166076665055419E-01 
    7.8804437535390626E-01 
    8.0019286485660190E-01 
    9.5358654604356574E-01 
    8.0720754861904420E-01 
    9.5413788860705673E-01 
    8.0612228337060376E-01 
    8.9186691980788246E-01 
    9.2660238141947782E-01 
    7.9099704733618359E-01 
    7.9493244767298377E-01 
    9.3050598684069996E-01 
    7.7684355187879395E-01 
    9.3302582495826336E-01 
    9.5032101468323926E-01 
    8.1730278814750035E-01 
    7.4270376015273532E-01 
    9.0790806413615732E-01 
    7.4733300646918888E-01 
    9.2287303428278133E-01 
    8.2332923400932845E-01 
    8.0290497341745259E-01 
    8.2045277451232190E-01 
    8.4921069910627378E-01 
    8.4542811733440626E-01 
    8.5015964936441613E-01 
    8.4827055370310722E-01 
    7.3598166280251942E-01 
    9.0312129163905597E-01 
    8.2111485598199729E-01 
    9.4501258882067307E-01 
    9.5904619367742661E-01 
    7.8067298319415301E-01 
    7.8085091018383113E-01 
    9.6040987399513111E-01 
    8.6370940564220822E-01 
    8.0704609779031744E-01 
    8.3876498955158230E-01 
    9.4820737935553345E-01 
    7.8222851174450792E-01 
    9.4913365150571027E-01 
    7.8017364446047477E-01 
    9.4260491671929258E-01 
    7.8464960211099777E-01 
    9.4428392206562761E-01 
    7.8441698731174081E-01 
    7.6707020844155538E-01 
    9.5561659806636057E-01 
    7.7119048023572923E-01 
    9.6166601825329145E-01 
    7.6701349673902319E-01 
    9.6341633663787363E-01 
    7.7140863010594163E-01 
    9.5623374180461185E-01 
    9.0776773031011349E-01 
    8.9824859756331765E-01 
    7.8095096296987820E-01 
    8.1368507088708342E-01 
    9.1733626075939056E-01 
    8.2447004698656456E-01 
    7.5749797476751013E-01 
    8.9344670617888278E-01 
    9.1369337639929937E-01 
    8.6861860104237087E-01 
    9.5392561169440582E-01 
    8.5457383074984239E-01 
    9.2379904223033027E-01 
    9.7070879891588902E-01 
    8.2778172054007193E-01 
    7.5945037496703161E-01 
    8.9253978463907935E-01 
    7.5930237677386347E-01 
    9.3505229506612808E-01 
    9.5034069844862823E-01 
    8.6032846548195752E-01 
    9.2139096278920951E-01 
    8.6255332282888419E-01 
    9.4155850949916764E-01 
    8.0812836201370120E-01 
    9.3587633483143251E-01 
    8.0615861754027629E-01 
    7.7381125218589109E-01 
    9.1642034362870883E-01 
    7.2587051483498677E-01 
    9.0429311098888809E-01 
    9.6012179644310469E-01 
    8.1992271694811258E-01 
    7.2859523738827370E-01 
    9.0332317567231479E-01 
    9.0390820318173604E-01 
    9.6080572056867330E-01 
    7.2203357496610310E-01 
    8.1964586883209922E-01 
    9.6941047211418152E-01 
    8.0427804406673054E-01 
    7.4348617802460304E-01 
    9.1637576040536362E-01 
    7.5103191216764620E-01 
    8.0405607506317456E-01 
    9.1961317987316582E-01 
    9.6925971549795387E-01 
    7.6676215221445820E-01 
    9.1579707481014161E-01 
    8.9620104772925002E-01 
    7.5128404333546350E-01 
    8.2124622226434740E-01 
    8.6715796479361573E-01 
    8.5064093901400606E-01 
    8.4422244547154113E-01 
    8.4829618660650452E-01 
    8.0508916451239310E-01 
    7.6445559946460784E-01 
    9.2168196647488987E-01 
    8.7425186219087603E-01 
    8.4373229104906144E-01 
    8.7942834277357673E-01 
    9.4774409086518452E-01 
    7.3031533947514449E-01 
    8.2151120600110883E-01 
    9.0168122679722518E-01 
    9.5098228595153655E-01 
    8.2154304674673462E-01 
    7.7977918589026707E-01 
    8.7293340635401506E-01 
    8.7508972199074408E-01 
    9.1428193441553496E-01 
    8.0265211295128058E-01 
    7.9477581363552008E-01 
    8.9878252417775228E-01 
    9.1359953065099042E-01 
    7.7073599293310646E-01 
    8.1425554112774057E-01 
    9.2134971296498158E-01 
    7.9240303070985052E-01 
    8.0062426472670389E-01 
    9.6538334902670819E-01 
    8.5341413329978022E-01 
    9.0483919766744392E-01 
    8.6826410365977347E-01 
    7.7638360008299323E-01 
    9.4516047484367494E-01 
    7.7735362226083804E-01 
    9.4424651991455899E-01 
    7.9771341860622103E-01 
    7.5225148064737402E-01 
    9.2225456872582523E-01 
    9.6201641326933152E-01 
    8.0361306349197725E-01 
    7.5883427614048493E-01 
    8.0292152480494761E-01 
    9.2136246531731836E-01 
    9.6221681050224972E-01 
    9.5226824779158914E-01 
    8.1232887935331710E-01 
    7.4785850841663926E-01 
    9.1335276748886585E-01 
    7.5209902778582904E-01 
    9.1123083338491473E-01 
    8.1147936113297059E-01 
    9.5219321062461404E-01 
    9.3574668577334996E-01 
    9.3526990091175655E-01 
    8.6315966107229547E-01 
    9.3321998855258703E-01 
    8.5666640031858965E-01 
    9.2893544303826348E-01 
    8.5328481975102355E-01 
    8.6324849350533217E-01 
    9.3078158257044419E-01 
    8.5110537058445468E-01 
    9.0418472245743320E-01 
    8.6902460518136748E-01 
    9.2137680600436977E-01 
    8.4851003136919545E-01 
    8.7667427454336899E-01 
    8.6867991595593763E-01 
    9.5552870748633190E-01 
    7.9120012088102643E-01 
    7.9032063541295494E-01 
    9.5615974425479355E-01 
    7.9410526932049053E-01 
    9.5173996053530852E-01 
    8.9937321687709737E-01 
    9.3071846068516806E-01 
    8.0322929026716072E-01 
    7.8111762408006469E-01 
    9.1715082760760158E-01 
    9.1651522018396525E-01 
    8.6847336241971396E-01 
    8.4844804114946681E-01 
    9.0409129366317587E-01 
    9.1359100285759653E-01 
    7.6755603097180036E-01 
    9.2414689315719833E-01 
    8.2065351302414313E-01 
    7.5708818224204488E-01 
    8.9624342344092289E-01 
    9.6094002995065342E-01 
    8.5090933640885169E-01 
    9.0759583079373107E-01 
    8.7229453558421965E-01 
    8.8742787579299054E-01 
    9.4234416074246730E-01 
    8.0297720448980670E-01 
    9.2479980643333370E-01 
    8.6917977673092495E-01 
    9.0828120468110973E-01 
    8.4807215557645643E-01 
    7.6574058146150736E-01 
    9.2963632738429414E-01 
    8.9024198822639211E-01 
    7.6091603267835439E-01 
    8.2476571562920964E-01 
    8.5369375591179386E-01 
    8.4850015214370578E-01 
    8.3348591110269166E-01 
    8.4689329249845657E-01 
    8.3710779465584917E-01 
    8.5325609796477275E-01 
    8.7953028087665241E-01 
    8.7895900935192561E-01 
    9.2561678886578047E-01 
    8.2856519271586726E-01 
    7.6211352685277456E-01 
    8.9096484799140363E-01 
    8.0390321708133428E-01 
    9.4403138494332017E-01 
    8.2370224443474738E-01 
    8.8791257905439014E-01 
    8.3517837796844130E-01 
    9.5715332882101778E-01 
    9.0669183649829943E-01 
    7.6981528885311623E-01 
    8.2054987770627041E-01 
    8.3085276170099542E-01 
    8.5223730655568364E-01 
    9.0660655789891953E-01 
    8.0369144590849828E-01 
    7.9189603044682411E-01 
    9.1197993617609996E-01 
    9.6376965969151873E-01 
    7.8676125475903835E-01 
    7.6182146021074582E-01 
    9.4097340064424362E-01 
    7.6058081081530216E-01 
    7.8647935040706218E-01 
    9.3710095891271339E-01 
    9.6484125883710259E-01 
    9.4671555422516540E-01 
    8.3309904345000585E-01 
    8.0092055667475837E-01 
    8.9037361096009648E-01 
    9.4178264742068940E-01 
    8.3382962857346254E-01 
    8.0566221761331336E-01 
    8.8832049022061244E-01 
    8.9126544570158162E-01 
    7.8614363126739395E-01 
    9.4536372605673902E-01 
    8.3263118437579731E-01 
    9.1687368948649439E-01 
    7.7701964559395975E-01 
    8.0722452550197421E-01 
    9.3450495973483538E-01 
    8.9509451618090408E-01 
    8.2958318495910599E-01 
    8.4339839742022304E-01 
    9.3971132022772785E-01 
    8.1316356458149242E-01 
    7.5993178689514584E-01 
    9.1014386945555736E-01 
    9.1492585610362231E-01 
    8.8045469805552123E-01 
    8.3490855280939247E-01 
    8.0625066706093074E-01 
    9.6143277378964809E-01 
    8.2480821275235228E-01 
    7.3551788741291113E-01 
    8.9862406398073158E-01 
    9.3367623247361919E-01 
    8.1154117866435793E-01 
    7.6725532803530627E-01 
    9.1027661535180426E-01 
    9.0801678680118691E-01 
    8.7890620236765660E-01 
    8.3315208811179731E-01 
    7.8315020340831476E-01 
    9.1709717033987281E-01 
    8.0934142520063213E-01 
    7.8508074876856815E-01 
    9.0673454548996291E-01 
    9.6145273340895809E-01 
    8.3503435732465636E-01 
    8.1237918314333779E-01 
    8.8717576210999682E-01 
    8.7666760351703965E-01 
    9.6037070765655141E-01 
    8.8678513096329237E-01 
    8.4641567607078017E-01 
    9.0917905465246518E-01 
    9.0719548126533056E-01 
    8.8505848531620768E-01 
    8.2591327870177733E-01 
    7.6054090717583434E-01 
    8.9225979791746191E-01 
    8.1430814247871175E-01 
    9.0672884024426992E-01 
    7.5025378406181487E-01 
    8.1870579217564465E-01 
    9.4300379374927845E-01 
    9.1437639635170620E-01 
    8.7835004552732465E-01 
    9.1233250994008996E-01 
    7.6058180057661040E-01 
    8.2419280329881928E-01 
    9.4372775467061665E-01 
    8.2720659287976228E-01 
    7.4941957052887931E-01 
    8.9592762801726711E-01 
    9.3171103544319445E-01 
    8.2362045576811060E-01 
    7.4752108308232079E-01 
    8.9768083332070003E-01 
    9.1681337429971255E-01 
    7.6946842979480656E-01 
    8.3013868613495767E-01 
    8.8734446377752729E-01 
    8.5516806746360619E-01 
    8.4145742630715181E-01 
    8.0115375885460649E-01 
    8.3960071754509380E-01 
    7.9584274204870242E-01 
    8.5377871237814851E-01 
    8.7310907700076412E-01 
    8.7527280079172398E-01 
    9.3830632024659300E-01 
    7.6711001965402736E-01 
    9.4744798263663310E-01 
    9.2072159902404327E-01 
    8.4203835979780373E-01 
    8.5392648602335020E-01 
    8.7498500142841285E-01 
    9.2385452696495640E-01 
    9.5116766016568588E-01 
    8.3270124732392337E-01 
    7.9817678355771349E-01 
    8.9142809436433190E-01 
    9.7596552961694172E-01 
    8.3916005574831476E-01 
    8.4948447139498662E-01 
    8.8174688941937629E-01 
    7.6132900662445413E-01 
    9.5659269185825369E-01 
    7.6733227907950663E-01 
    9.6896440556366359E-01 
    7.6216575593363411E-01 
    7.6777964254464648E-01 
    9.5670875175806092E-01 
    9.7001891017043917E-01 
    8.9682407591264990E-01 
    7.4450605809582537E-01 
    8.2733881075204208E-01 
    9.4336026734968415E-01 
    7.9960022959585919E-01 
    8.7351573461335452E-01 
    8.7704155803750883E-01 
    9.0774836711280682E-01 
    7.8019663827498231E-01 
    8.0714667876084001E-01 
    9.2023082364153774E-01 
    9.6278778445877988E-01 
    8.2927707792767802E-01 
    7.5934833641633703E-01 
    8.9346152786494193E-01 
    8.8312496421289766E-01 
    9.4564533961673714E-01 
    8.4700525170639829E-01 
    8.3951421001575066E-01 
    8.8333096744408279E-01 
    8.8049848996745361E-01 
    8.1208199614741361E-01 
    7.8805322556362356E-01 
    9.1511053706744228E-01 
    7.6518720372687510E-01 
    8.9038303671841457E-01 
    8.1730134824635392E-01 
    7.7297733298426452E-01 
    9.7757377250029143E-01 
    8.4471356018145927E-01 
    8.7850629238145672E-01 
    8.7648102678511886E-01 
    9.6563090191365153E-01 
    7.9282675571243355E-01 
    7.5749961773782337E-01 
    9.2879266869260679E-01 
    7.5867413017057117E-01 
    7.9249093844884100E-01 
    9.3123182623225464E-01 
    9.6634323707458680E-01 
    8.8778128403994394E-01 
    9.3175902347637385E-01 
    7.9831465204387708E-01 
    7.8164800453579864E-01 
    9.2261916879832728E-01 
    9.4198252165545793E-01 
    7.9182489585550586E-01 
    9.1648594277979611E-01 
    8.7365854714061542E-01 
    9.5138974588121039E-01 
    8.4973080507760279E-01 
    8.9742878148957339E-01 
    9.4050726677166152E-01 
    8.7417971706987996E-01 
    8.4782910195136729E-01 
    9.1112421347805372E-01 
    7.9355063695620165E-01 
    8.0175103918374369E-01 
    9.1682353097386216E-01 
    8.8203583063178559E-01 
    9.6470508799835974E-01 
    8.5797847166887786E-01 
    8.3958804079934446E-01 
    9.1323518662011849E-01 
    8.7176633617021781E-01 
    9.4753974563999310E-01 
    8.5142489484583439E-01 
    9.3625782945519243E-01 
    7.8254349146411306E-01 
    8.9060390422183067E-01 
    7.9710317185234780E-01 
    9.4012275339550455E-01 
    8.3350919636590659E-01 
    9.0858813147056794E-01 
    8.6707231061679668E-01 
    8.8136520654128314E-01 
    8.4682802585012651E-01 
    8.6671236560083909E-01 
    8.8576452511568660E-01 
    8.5389161449662421E-01 
    9.4304116218918188E-01 
    8.3863836381096413E-01 
    9.3438897142311184E-01 
    7.8144071569820883E-01 
    9.2547283617376175E-01 
    7.8525887378445469E-01 
    7.9630372261937088E-01 
    9.3539664725375282E-01 
    8.8732198108692029E-01 
    7.7892786651224999E-01 
    8.1807392041984373E-01 
    8.9168522954323692E-01 
    9.1433559422815158E-01 
    8.2302512035684361E-01 
    7.5663550531148571E-01 
    9.6953946404514313E-01 
    8.2260838655980772E-01 
    7.3052988154937870E-01 
    8.9841115588137233E-01 
    9.5148000016035472E-01 
    7.8672538030369044E-01 
    9.5322454428939185E-01 
    7.8654458625081114E-01 
    9.1428360059240776E-01 
    8.6260506786465563E-01 
    8.6069106335228607E-01 
    9.5892410377783088E-01 
    9.1322265895018151E-01 
    8.8636851818421569E-01 
    8.2786332206941204E-01 
    7.6201242281214132E-01 
    9.2455366506676351E-01 
    8.0437410573459422E-01 
    7.8649464233869237E-01 
    9.1680437252855995E-01 
    8.1956981388268313E-01 
    8.6699246080316594E-01 
    8.6609318938884194E-01 
    9.2239829848230170E-01 
    7.9319229697192295E-01 
    7.5583527853295340E-01 
    7.7437863807165164E-01 
    9.3128154381656536E-01 
    8.9088078749963384E-01 
    7.8754959923552104E-01 
    9.4011030238190996E-01 
    8.8808536403449201E-01 
    8.2260885388188276E-01 
    8.3393632014146191E-01 
    9.6368220492124879E-01 
    9.3584365998454633E-01 
    8.2296097738549312E-01 
    7.4500642942689244E-01 
    8.9930525992383170E-01 
    9.3745856907106651E-01 
    7.9552586038892281E-01 
    7.8515327798308254E-01 
    9.2718786430716760E-01 
    8.9942997710572437E-01 
    8.6488922777504751E-01 
    8.5620993431299497E-01 
    9.7536308913268954E-01 
    9.1634567020017854E-01 
    8.7450708170691915E-01 
    8.4163779226438662E-01 
    8.6217771269589738E-01 
    9.1283104605292908E-01 
    7.6840729954528197E-01 
    8.1901445294539366E-01 
    8.9583531882315814E-01 
    9.0246324144753276E-01 
    7.4344480790689649E-01 
    8.2095675641312249E-01 
    9.3274671291940925E-01 
    9.4804768054222799E-01 
    8.0489861381357586E-01 
    8.7540753130481996E-01 
    8.2921603514276510E-01 
    7.6926743493258731E-01 
    8.6843457688714065E-01 
    8.3371104734591062E-01 
    8.6663553170919194E-01 
    7.7494219844140377E-01 
    8.7033610276076190E-01 
    9.5790386850987341E-01 
    9.0701063039257723E-01 
    8.5265708447858801E-01 
    8.7590718390887368E-01 
    8.8281908893070216E-01 
    8.5377397351095252E-01 
    9.7168172964137967E-01 
    8.3961897668781760E-01 
    8.0523948322466643E-01 
    7.9643734239785802E-01 
    8.5865369083024712E-01 
    8.6079589058469674E-01 
    7.7312336550409066E-01 
    9.4825690698994414E-01 
    9.2536466510882032E-01 
    8.9277023732773786E-01 
    7.5654364029822596E-01 
    8.2834335184887109E-01 
    8.2584015904743979E-01 
    9.5055868177583458E-01 
    8.8665456421841948E-01 
    8.3684747982147401E-01 
    7.8551535892908841E-01 
    9.2881955476124445E-01 
    8.2572982938242356E-01 
    7.5302372976323884E-01 
    9.7376594156800833E-01 
    8.4990210155603940E-01 
    8.9736484280366746E-01 
    8.7068238071309012E-01 
    9.5402452067455967E-01 
    7.8182837186271226E-01 
    9.3912000189396039E-01 
    8.7026520182209488E-01 
    9.2449177174328256E-01 
    8.5116853233936862E-01 
    9.2857777295168542E-01 
    8.0840492418252707E-01 
    7.7750408172774965E-01 
    9.1179667881033599E-01 
    9.2659174925955856E-01 
    8.0067029622136165E-01 
    7.8757057516072726E-01 
    9.2138237822080926E-01 
    9.2290485354401885E-01 
    7.9788305433401752E-01 
    7.9210619674140559E-01 
    9.2040985351173332E-01 
    7.6822379555879228E-01 
    9.3448198946329430E-01 
    7.6758454356038530E-01 
    9.3676816890499470E-01 
    9.7111277242977379E-01 
    8.4275126741569328E-01 
    8.7738203786651725E-01 
    8.7922653639447368E-01 
    7.7217798751120736E-01 
    9.2959896764939154E-01 
    9.1212723913768279E-01 
    7.8361801155160515E-01 
    8.0238509617695375E-01 
    9.2398323567783180E-01 
    9.1456220511281239E-01 
    9.0146632136916915E-01 
    8.9173465755235193E-01 
    8.5518907840315372E-01 
    8.6103291919452207E-01 
    9.1246357923489119E-01 
    8.6011480258588480E-01 
    8.5358784338519222E-01 
    8.2982735006868980E-01 
    8.1211295106922876E-01 
    8.1078466057540099E-01 
    8.1839262800133217E-01 
    8.3760872346218507E-01 
    8.3189852306222045E-01 
    8.4180322936198926E-01 
    8.3469755054336348E-01 
    9.2095267705845574E-01 
    7.8221715750061183E-01 
    8.0225150679353319E-01 
    9.3344378036080999E-01 
    9.3823694380696154E-01 
    7.8656672764803581E-01 
    9.1683391235552059E-01 
    7.8248838378015639E-01 
    8.0517908707820829E-01 
    7.6708429040025272E-01 
    9.2654439723881332E-01 
    9.2842969662544073E-01 
    7.6924294231262735E-01 
    9.0479787334445194E-01 
    9.1262461134375550E-01 
    8.1894170660218468E-01 
    8.3774889223734195E-01 
    8.7631257021781672E-01 
    7.6178369117755984E-01 
    9.5062845921907124E-01 
    7.7386789286710944E-01 
    9.6859915096982230E-01 
    7.6193957693720560E-01 
    9.5063330516559030E-01 
    7.7424295471697613E-01 
    9.6914935465716368E-01 
    8.7118095879343449E-01 
    9.7499136562186794E-01 
    8.9495724476509864E-01 
    8.5110391249955131E-01 
    9.1067269232364523E-01 
    7.9528905107089420E-01 
    8.0380169645494615E-01 
    8.9381045278322591E-01 
    7.7352546155453816E-01 
    8.3055796798502246E-01 
    8.1441389956038790E-01 
    8.4299572762936981E-01 
    8.8427490298846045E-01 
    9.5598303296401155E-01 
    8.3898645099453217E-01 
    8.7578356144285785E-01 
    9.4283179012882190E-01 
    9.0034723434161601E-01 
    8.4782738290438187E-01 
    8.7539160476162137E-01 
    9.3664315589951486E-01 
    8.9669996313790512E-01 
    8.4604910239619868E-01 
    9.1773547461315252E-01 
    8.6168557004451651E-01 
    9.5481079216269482E-01 
    8.6204403289280196E-01 
    7.6721411214802571E-01 
    9.3928689731582105E-01 
    7.2826932833239033E-01 
    8.2315660552325809E-01 
    9.0082265255184724E-01 
    9.7033072568636758E-01 
    7.3370218676299637E-01 
    8.2396668214684499E-01 
    8.9936877205076260E-01 
    9.6284194454991079E-01 
    9.0040358482628680E-01 
    8.9415210717261040E-01 
    7.8462868837877520E-01 
    8.1190166384318929E-01 
    9.2081323757964917E-01 
    8.7044100788384471E-01 
    9.4755138574415387E-01 
    8.5218108547329341E-01 
    8.2660415388602926E-01 
    9.2050599129321697E-01 
    7.7151520881936175E-01 
    9.5176591256238996E-01 
    8.5534173967733984E-01 
    9.1873174089550702E-01 
    8.6830699743928674E-01 
    8.8886719365220046E-01 
    7.9383940226688565E-01 
    8.0600903863247131E-01 
    9.1717054306190904E-01 
    7.8822772406213937E-01 
    7.6532730331330701E-01 
    9.2708772244676485E-01 
    9.1908107955311347E-01 
    7.9543587905554580E-01 
    7.9615213870979162E-01 
    9.2387056775370913E-01 
    9.4512808860270536E-01 
    8.6392313002340926E-01 
    9.2841549034827797E-01 
    8.5834206194446494E-01 
    8.5550923850860749E-01 
    8.8241182152466546E-01 
    9.5038856184573550E-01 
    8.4100685787732576E-01 
    8.3488455959234775E-01 
    7.9140224444436535E-01 
    8.5601045398703202E-01 
    8.6623068362872457E-01 
    8.6480861601619674E-01 
    7.7525883462043088E-01 
    9.5316007224593402E-01 
    7.6640343617385454E-01 
    8.2858028413620044E-01 
    8.9399011260965200E-01 
    9.6348223311891124E-01 
    7.9443392850236805E-01 
    8.6769357068441810E-01 
    8.7035135088834359E-01 
    9.1335358655338594E-01 
    7.8591776257425727E-01 
    8.1071533720725930E-01 
    9.0378811358569588E-01 
    9.5311781191147693E-01 
    7.7054435395913223E-01 
    9.0046134903380193E-01 
    8.5896122395738350E-01 
    8.6269087134681466E-01 
    9.7571704225213385E-01 
    9.4468953936413724E-01 
    7.7083762637861164E-01 
    9.7080230200897077E-01 
    8.5720080029840606E-01 
    9.0317591372857464E-01 
    8.6355033876701159E-01 
    9.1912478602246561E-01 
    8.8738872757700271E-01 
    8.2798675510819231E-01 
    7.6665357773541543E-01 
    9.1811635806990555E-01 
    8.0181677618078995E-01 
    7.9361908776444512E-01 
    9.1933945780528714E-01 
    8.8809644192319914E-01 
    8.0662340943620259E-01 
    7.9308154133598596E-01 
    8.2338530622133621E-01 
    8.6094883253787347E-01 
    8.3528091601185595E-01 
    8.0371721673309149E-01 
    8.0310253052589731E-01 
    8.3688963991355569E-01 
    8.3408878912052964E-01 
    8.3572228405359206E-01 
    8.5525439455184060E-01 
    8.4476595244139352E-01 
    8.9895991926093499E-01 
    9.2640298874132743E-01 
    7.4780729874774299E-01 
    8.2184757275993914E-01 
    8.8193512980898114E-01 
    8.8993785244445445E-01 
    7.6414997427644782E-01 
    9.3188272166663821E-01 
    7.6322078107901314E-01 
    9.3244202771845486E-01 
    9.4899613505711877E-01 
    8.2752766746143402E-01 
    7.4710184836660931E-01 
    8.9628444745284719E-01 
    8.0923978633067095E-01 
    8.1505183387811830E-01 
    8.5845708318821212E-01 
    8.6171515342309923E-01 
    8.9821181295465080E-01 
    7.3750191117371044E-01 
    8.2503984899144589E-01 
    9.4729652198414938E-01 
    8.9573244220217185E-01 
    7.9231689472294586E-01 
    9.5588472195246654E-01 
    8.0210417195314110E-01 
    9.5597217252461331E-01 
    8.0135156323536483E-01 
    7.5474629759587719E-01 
    9.1997727708325916E-01 
    9.0874309074181636E-01 
    7.9171236620649310E-01 
    8.0830063020204224E-01 
    9.2912424590718967E-01 
    7.8001474417971650E-01 
    9.1591309099315477E-01 
    7.7081491940155455E-01 
    8.1663234466444334E-01 
    8.9805256519821020E-01 
    8.9413077793815432E-01 
    9.4082635984659724E-01 
    7.6582380618015855E-01 
    7.6965664206491746E-01 
    9.4446337749059739E-01 
    9.0206547632863054E-01 
    8.8170123564597425E-01 
    8.5417850292466191E-01 
    8.8062091283584232E-01 
    8.5925668423946699E-01 
    8.5876308362861453E-01 
    8.5246335612384971E-01 
    7.6196958003755122E-01 
    9.1751095237880897E-01 
    8.6462188845894228E-01 
    8.4455210657707880E-01 
    8.6331691525799659E-01 
    8.2016403311263131E-01 
    9.2693095532656711E-01 
    7.9618254812193512E-01 
    7.8673297753506677E-01 
    9.2575024658763427E-01 
    9.1535437064848724E-01 
    7.9446747187919009E-01 
    7.9911133488509167E-01 
    9.2097648798748888E-01 
    9.0093139184644411E-01 
    8.9671788716343048E-01 
    8.9822970377464206E-01 
    9.0656816040515098E-01 
    8.6545374183048207E-01 
    8.4527862120802133E-01 
    8.6809422640249245E-01 
    8.4958413505007413E-01 
    8.4599367960751604E-01 
    8.6500106571896129E-01 
    8.6592600858143087E-01 
    9.5632126187060906E-01 
    9.1469900571668838E-01 
    8.5732489957950198E-01 
    9.3797877688921760E-01 
    9.3105525707456305E-01 
    9.2812643588083399E-01 
    9.2691311199435777E-01 
    9.2445604458502861E-01 
    9.2218863789845740E-01 
    9.2018447821776050E-01 
    9.1809934668773119E-01 
    9.1677680681063145E-01 
    9.1583335605880412E-01 
    8.9336415645134903E-01 
    8.3288151769132135E-01 
    8.4013394946641440E-01 
    8.4529163629941428E-01 
    8.4979029303741127E-01 
    8.5417416504475996E-01 
    8.5687969264534325E-01 
    8.5816933663758166E-01 
    8.5900071096150776E-01 
    8.6034028391058381E-01 
    9.1522406106420029E-01 
    9.1319124342405888E-01 
    9.1396110106184525E-01 
    9.1609928996404744E-01 
    9.1883649590128158E-01 
    9.2172148849971713E-01 
    9.2505714641016157E-01 
    9.2853527073297337E-01 
    9.3182684321808318E-01 
    9.3776952915078848E-01 
    8.7822914217890324E-01 
    8.3426508903058283E-01 
    8.4112199249759645E-01 
    8.4724098593811259E-01 
    8.5010141859141797E-01 
    8.5400592901134942E-01 
    8.5596366625549714E-01 
    8.5700901834103382E-01 
    8.5893706574098760E-01 
    0.0000000000000000E+00 
    0.0000000000000000E+00 
    0.0000000000000000E+00 
    9.2885230916322004E-01 
    9.2563812597429207E-01 
    9.2332589300677137E-01 
    9.2137540452993150E-01 
    9.1896899314728986E-01 
    9.1767297617446930E-01 
    9.1714679182876269E-01 
    8.9135313354262502E-01 
    8.3162252370853296E-01 
    8.3944435255579453E-01 
    8.4463646120868985E-01 
    8.4929171218158517E-01 
    8.5383771809923925E-01 
    8.5668845952223838E-01 
    8.5805539031219058E-01 
    8.5901418176122302E-01 
    9.1237659797466109E-01 
    9.1513125663733641E-01 
    9.1656254825040395E-01 
    9.1808372805491389E-01 
    9.2092159740554880E-01 
    9.2380060065822156E-01 
    9.2698742379094112E-01 
    9.3430041142735820E-01 
    9.3792709462554258E-01 
    8.8135642960898752E-01 
    8.3633189173285605E-01 
    8.4236042428900337E-01 
    8.4784004737149732E-01 
    8.5061648560474112E-01 
    8.5423119747079135E-01 
    8.5609628163524276E-01 
    8.5704589730426528E-01 
    8.5894802511138924E-01 
WATERCUT 
    0.0000000000000000E+00 
    0.0000000000000000E+00 
    0.0000000000000000E+00 
    0.0000000000000000E+00 
    0.0000000000000000E+00 
    0.0000000000000000E+00 
    0.0000000000000000E+00 
    0.0000000000000000E+00 
    0.0000000000000000E+00 
    0.0000000000000000E+00 
    0.0000000000000000E+00 
    0.0000000000000000E+00 
    0.0000000000000000E+00 
    0.0000000000000000E+00 
    0.0000000000000000E+00 
    0.0000000000000000E+00 
    0.0000000000000000E+00 
    0.0000000000000000E+00 
    0.0000000000000000E+00 
    0.0000000000000000E+00 
    0.0000000000000000E+00 
    0.0000000000000000E+00 
    0.0000000000000000E+00 
    0.0000000000000000E+00 
    0.0000000000000000E+00 
    0.0000000000000000E+00 
    0.0000000000000000E+00 
    0.0000000000000000E+00 
    0.0000000000000000E+00 
    0.0000000000000000E+00 
    0.0000000000000000E+00 
    0.0000000000000000E+00 
    0.0000000000000000E+00 
    0.0000000000000000E+00 
    0.0000000000000000E+00 
    3.0699782634705630E-08 
    6.3374204956429060E-08 
    1.1660591146209311E-07 
    1.7764333806461419E-07 
    2.6338856466968824E-07 
    3.7622863621518883E-07 
    5.0991582680121588E-07 
    6.9925148324435852E-07 
    9.9807834247020326E-07 
    1.3913583577937132E-06 
    1.8688132011269721E-06 
    2.5175237841235625E-06 
    3.2960508671168574E-06 
    4.2087021636902839E-06 
    5.2401744636898072E-06 
    6.4163026106699038E-06 
    7.6829634805668341E-06 
    9.2270366447423196E-06 
    1.1329347896111026E-05 
    1.3973039740422885E-05 
    1.7587153889665404E-05 
    2.1134030825161296E-05 
    2.5110867477998239E-05 
    2.9939823859916105E-05 
    3.5659487875645955E-05 
    4.2910321957606660E-05 
    5.0876335416359562E-05 
    6.0462836829131189E-05 
    7.1969634529964936E-05 
    8.6162453394253029E-05 
    1.0500229035090935E-04 
    1.2709153093119221E-04 
    1.5106420002379350E-04 
    1.7779521241694136E-04 
    2.0824843224170428E-04 
    2.4158806424662402E-04 
    2.8079829729831554E-04 
    3.2305247585737856E-04 
    3.6882356680986061E-04 
    4.2189851336592055E-04 
    4.8578860748322553E-04 
    5.5801242438537058E-04 
    6.2387389293438599E-04 
    7.0010625707757367E-04 
    7.8306556150955413E-04 
    8.7777599296902571E-04 
    9.8894408454214288E-04 
    1.1198954098226687E-03 
    1.2759820240585461E-03 
    1.4839796342426231E-03 
    1.7718757613513635E-03 
    2.1868075088460007E-03 
    2.6019357132212742E-03 
    3.0393881362946605E-03 
    3.6102064912931424E-03 
    4.2666456718614973E-03 
    5.0600791838923461E-03 
    6.0910604975993781E-03 
    7.3038573834091824E-03 
    9.0077698694099508E-03 
    1.1175510018052989E-02 
    1.3983717070728935E-02 
    1.7102492912916028E-02 
    2.1294223713208986E-02 
    2.6472076238522244E-02 
    4.4028445162476830E-02 
    4.9138654220895299E-02 
    5.5269231681439428E-02 
    6.2458415423572271E-02 
    6.8624821791605645E-02 
    7.8046812032950968E-02 
    8.5329374826750917E-02 
    9.2135974501035126E-02 
    9.8162273068553685E-02 
    1.0329275836356584E-01 
    1.0869055013923758E-01 
    1.1297998750500154E-01 
    1.1723139466270759E-01 
    1.2081578379307563E-01 
    1.2366381748138240E-01 
    1.2597549896192203E-01 
    1.2790916884000567E-01 
    1.2981921677044203E-01 
    1.3181714512356721E-01 
    1.3384112720408675E-01 
    1.3551806924484699E-01 
    1.3737400742407721E-01 
    1.3901520048631064E-01 
    1.4058341313841399E-01 
    1.4192320707197500E-01 
    1.4310319501852808E-01 
    1.4439138217738490E-01 
    1.4571223659396959E-01 
    1.4697801253583551E-01 
    1.4838891597621270E-01 
    1.4981425623966821E-01 
    1.5117723994699686E-01 
    1.5254844903236012E-01 
    1.5395799862345538E-01 
    1.5546993999133288E-01 
    1.5702187592512290E-01 
    1.5838795496168573E-01 
    1.5969371724941614E-01 
    1.6083034801191862E-01 
    1.6190883016398658E-01 
    1.6297915815572994E-01 
    1.6410307044408695E-01 
    1.6514291105170253E-01 
    1.6628245889632887E-01 
    1.6741549614118517E-01 
    1.6851327855625733E-01 
    1.6965288588717592E-01 
    1.7080078664815240E-01 
    1.7193024457206441E-01 
    1.7317873662396135E-01 
    1.7460818806468870E-01 
    1.7600852347237003E-01 
    1.7752346501253941E-01 
    1.7930388900444241E-01 
    1.8094305924934187E-01 
    1.8274441972532465E-01 
    1.8446301361964304E-01 
    1.8604710528029467E-01 
    1.8790204188433937E-01 
    1.8981041316891961E-01 
    1.9183089899627270E-01 
    1.9369587228968227E-01 
    1.9455216124426486E-01 
    1.9597391302941336E-01 
    1.9747850226335584E-01 
    1.9851462832425451E-01 
    1.9150587195843252E-01 
    1.8970157302985563E-01 
    1.8986891495906860E-01 
    1.9185415442266121E-01 
    1.9710879073743728E-01 
    2.1032328171855832E-01 
    2.2163735146058228E-01 
    2.2867559941816357E-01 
    2.3861939859989620E-01 
    2.5532469743936120E-01 
    2.7563929052789676E-01 
    3.0438952388198148E-01 
    3.5151031703016850E-01 
    5.6974158753734727E-01 
    7.3035363703826750E-01 
    7.5678212182020776E-01 
    7.7025486904602836E-01 
    7.8104579145852027E-01 
OILRECOVERY 
    1.0000000000000000E+00 
    1.0000000000000000E+00 
    1.0000000000000000E+00 
    1.0000000000000000E+00 
    1.0000000000000000E+00 
    1.0000000000000000E+00 
    1.0000000000000000E+00 
    1.0000000000000000E+00 
    1.0000000000000000E+00 
    1.0000000000000000E+00 
    1.0000000000000000E+00 
    1.0000000000000000E+00 
    1.0000000000000000E+00 
    1.0000000000000000E+00 
    1.0000000000000000E+00 
    1.0000000000000000E+00 
    1.0000000000000000E+00 
    1.0000000000000000E+00 
    1.0000000000000000E+00 
    1.0000000000000000E+00 
    1.0000000000000000E+00 
    1.0000000000000000E+00 
    1.0000000000000000E+00 
    1.0000000000000000E+00 
    1.0000000000000000E+00 
    1.0000000000000000E+00 
    1.0000000000000000E+00 
    1.0000000000000000E+00 
    1.0000000000000000E+00 
    1.0000000000000000E+00 
    1.0000000000000000E+00 
    1.0000000000000000E+00 
    1.0000000000000000E+00 
    1.0000000000000000E+00 
    1.0000000000000000E+00 
    9.9999996930021740E-01 
    9.9999993662579501E-01 
    9.9999988339408852E-01 
    9.9999982235666196E-01 
    9.9999973661143537E-01 
    9.9999962377136375E-01 
    9.9999949008417321E-01 
    9.9999930074851673E-01 
    9.9999900192165758E-01 
    9.9999860864164225E-01 
    9.9999813118679892E-01 
    9.9999748247621589E-01 
    9.9999670394913287E-01 
    9.9999579129783633E-01 
    9.9999475982553632E-01 
    9.9999358369738933E-01 
    9.9999231703651947E-01 
    9.9999077296335526E-01 
    9.9998867065210384E-01 
    9.9998602696025962E-01 
    9.9998241284611034E-01 
    9.9997886596917485E-01 
    9.9997488913252197E-01 
    9.9997006017614010E-01 
    9.9996434051212435E-01 
    9.9995708967804242E-01 
    9.9994912366458366E-01 
    9.9993953716317086E-01 
    9.9992803036547007E-01 
    9.9991383754660579E-01 
    9.9989499770964907E-01 
    9.9987290846906884E-01 
    9.9984893579997625E-01 
    9.9982220478758310E-01 
    9.9979175156775835E-01 
    9.9975841193575332E-01 
    9.9971920170270168E-01 
    9.9967694752414260E-01 
    9.9963117643319011E-01 
    9.9957810148663406E-01 
    9.9951421139251673E-01 
    9.9944198757561464E-01 
    9.9937612610706561E-01 
    9.9929989374292238E-01 
    9.9921693443849047E-01 
    9.9912222400703099E-01 
    9.9901105591545780E-01 
    9.9888010459017729E-01 
    9.9872401797594146E-01 
    9.9851602036575737E-01 
    9.9822812423864860E-01 
    9.9781319249115397E-01 
    9.9739806428677868E-01 
    9.9696061186370533E-01 
    9.9638979350870682E-01 
    9.9573335432813848E-01 
    9.9493992081610760E-01 
    9.9390893950240067E-01 
    9.9269614261659078E-01 
    9.9099223013059001E-01 
    9.8882448998194705E-01 
    9.8601628292927102E-01 
    9.8289750708708401E-01 
    9.7870577628679101E-01 
    9.7352792376147779E-01 
    9.5597155483752316E-01 
    9.5086134577910475E-01 
    9.4473076831856062E-01 
    9.3754158457642778E-01 
    9.3137517820839433E-01 
    9.2195318796704906E-01 
    9.1467062517324904E-01 
    9.0786402549896483E-01 
    9.0183772693144637E-01 
    8.9670724163643412E-01 
    8.9130944986076244E-01 
    8.8702001249499851E-01 
    8.8276860533729240E-01 
    8.7918421620692433E-01 
    8.7633618251861756E-01 
    8.7402450103807794E-01 
    8.7209083115999431E-01 
    8.7018078322955794E-01 
    8.6818285487643276E-01 
    8.6615887279591330E-01 
    8.6448193075515301E-01 
    8.6262599257592276E-01 
    8.6098479951368934E-01 
    8.5941658686158595E-01 
    8.5807679292802497E-01 
    8.5689680498147192E-01 
    8.5560861782261510E-01 
    8.5428776340603041E-01 
    8.5302198746416447E-01 
    8.5161108402378727E-01 
    8.5018574376033174E-01 
    8.4882276005300317E-01 
    8.4745155096763991E-01 
    8.4604200137654462E-01 
    8.4453006000866715E-01 
    8.4297812407487704E-01 
    8.4161204503831422E-01 
    8.4030628275058383E-01 
    8.3916965198808136E-01 
    8.3809116983601339E-01 
    8.3702084184427006E-01 
    8.3589692955591310E-01 
    8.3485708894829747E-01 
    8.3371754110367113E-01 
    8.3258450385881488E-01 
    8.3148672144374269E-01 
    8.3034711411282403E-01 
    8.2919921335184754E-01 
    8.2806975542793559E-01 
    8.2682126337603867E-01 
    8.2539181193531130E-01 
    8.2399147652762994E-01 
    8.2247653498746054E-01 
    8.2069611099555762E-01 
    8.1905694075065816E-01 
    8.1725558027467538E-01 
    8.1553698638035699E-01 
    8.1395289471970533E-01 
    8.1209795811566066E-01 
    8.1018958683108044E-01 
    8.0816910100372730E-01 
    8.0630412771031779E-01 
    8.0544783875573511E-01 
    8.0402608697058664E-01 
    8.0252149773664416E-01 
    8.0148537167574552E-01 
    8.0849412804156751E-01 
    8.1029842697014431E-01 
    8.1013108504093134E-01 
    8.0814584557733882E-01 
    8.0289120926256274E-01 
    7.8967671828144170E-01 
    7.7836264853941772E-01 
    7.7132440058183649E-01 
    7.6138060140010377E-01 
    7.4467530256063874E-01 
    7.2436070947210318E-01 
    6.9561047611801852E-01 
    6.4848968296983145E-01 
    4.3025841246265273E-01 
    2.6964636296173250E-01 
    2.4321787817979224E-01 
    2.2974513095397164E-01 
    2.1895420854147973E-01 
CUMULATEOIL 
    0.0000000000000000E+00 
    3.5615394551053417E-03 
    7.6573098239579012E-03 
    1.2367445760405211E-02 
    1.7784102094692094E-02 
    2.4013256855396757E-02 
    3.1176784846482515E-02 
    3.9414842041268175E-02 
    4.8888607828625155E-02 
    5.9783438495544010E-02 
    7.2312493806362427E-02 
    8.6720907336201428E-02 
    1.0329058285800280E-01 
    1.2234570970105754E-01 
    1.3854256758175515E-01 
    1.5230989673390175E-01 
    1.6401212649330879E-01 
    1.7395902177772296E-01 
    1.8241388277260992E-01 
    1.8960051458658092E-01 
    1.9570915164820624E-01 
    2.0090149313489861E-01 
    2.0531498341134483E-01 
    2.0906645014840147E-01 
    2.1225519685896871E-01 
    2.1500147279950402E-01 
    2.1733580734278293E-01 
    2.1964929745496092E-01 
    2.2201229010564796E-01 
    2.2456193774631381E-01 
    2.2687774200935520E-01 
    2.2884617562933163E-01 
    2.3051934420577661E-01 
    2.3244348807784029E-01 
    2.3465625352277761E-01 
    2.3720093379564539E-01 
    2.4012731609887819E-01 
    2.4289408796465650E-01 
    2.4524584403248037E-01 
    2.4795036353420519E-01 
    2.5106056096222862E-01 
    2.5437129412331766E-01 
    2.5718541730932321E-01 
    2.6035247182924065E-01 
    2.6311799150477183E-01 
    2.6615558468641848E-01 
    2.6873753888429824E-01 
    2.7154491393288077E-01 
    2.7430486078721583E-01 
    2.7687607841354600E-01 
    2.7983297867558615E-01 
    2.8236424566883661E-01 
    2.8521432842191841E-01 
    2.8849192358904163E-01 
    2.9153130300672586E-01 
    2.9411477551226162E-01 
    2.9631072714515394E-01 
    2.9817728602224880E-01 
    2.9976386107192660E-01 
    3.0152750314906879E-01 
    3.0331101967214247E-01 
    3.0536206366439361E-01 
    3.0756891002254283E-01 
    3.0956600684427388E-01 
    3.1186266816275648E-01 
    3.1381483024917162E-01 
    3.1605981659004945E-01 
    3.1796805492359448E-01 
    3.2016252888629271E-01 
    3.2268617378783271E-01 
    3.2483127176008431E-01 
    3.2729813416934173E-01 
    3.2997621770857555E-01 
    3.3260120485247691E-01 
    3.3561993945533924E-01 
    3.3886684493971087E-01 
    3.4162671363668556E-01 
    3.4397260104588800E-01 
    3.4596660447152738E-01 
    3.4825970717283439E-01 
    3.5089677361621618E-01 
    3.5392939754950986E-01 
    3.5674097431655355E-01 
    3.5997428343551735E-01 
    3.6272259186049177E-01 
    3.6585214979447983E-01 
    3.6864215463878131E-01 
    3.7185063473606084E-01 
    3.7457781739620888E-01 
    3.7771404138980613E-01 
    3.8070741998380309E-01 
    3.8414971706251910E-01 
    3.8738095261229738E-01 
    3.9012733217426798E-01 
    3.9328540413371976E-01 
    3.9635772771097533E-01 
    3.9989001983020217E-01 
    4.0289115443461243E-01 
    4.0634023535895158E-01 
    4.0990341986425327E-01 
    4.1336872294440319E-01 
    4.1629429105451426E-01 
    4.1964858071184002E-01 
    4.2347207380820079E-01 
    4.2673324457081058E-01 
    4.3046225421196360E-01 
    4.3360115810174860E-01 
    4.3718097367641906E-01 
    4.4082523382694905E-01 
    4.4403452383422481E-01 
    4.4770031282474693E-01 
    4.5079283347071819E-01 
    4.5409204295003675E-01 
    4.5708575205471441E-01 
    4.5961594330957517E-01 
    4.6175678491288485E-01 
    4.6362165111534420E-01 
    4.6558089375575229E-01 
    4.6782718550767116E-01 
    4.7029074476970079E-01 
    4.7237794144568646E-01 
    4.7477191685672604E-01 
    4.7696742113041524E-01 
    4.7913307433335889E-01 
    4.8096950243265019E-01 
    4.8273165579616767E-01 
    4.8475457249831860E-01 
    4.8684289442977385E-01 
    4.8874681171099366E-01 
    4.9093242836335876E-01 
    4.9314108239530108E-01 
    4.9527158182454178E-01 
    4.9747322291661611E-01 
    4.9989825621928763E-01 
    5.0239049251425738E-01 
    5.0525017981196430E-01 
    5.0791339162539750E-01 
    5.1050920021278068E-01 
    5.1271074109958104E-01 
    5.1523759330839325E-01 
    5.1804630314803657E-01 
    5.2122258153348888E-01 
    5.2413558396719517E-01 
    5.2743092178136353E-01 
    5.3081669376729579E-01 
    5.3420967061076507E-01 
    5.3792253021333991E-01 
    5.4172533617760021E-01 
    5.4543486793245721E-01 
    5.4947611053022383E-01 
    5.5389263591854188E-01 
    5.5785102169271172E-01 
    5.6185955228244222E-01 
    5.6635480791879000E-01 
    5.7061171024264790E-01 
    5.7549396546773623E-01 
    5.8025952791699154E-01 
    5.8481481964589577E-01 
    5.8974455893234579E-01 
    5.9462510021675274E-01 
    6.0021353635197838E-01 
    6.0615577209687088E-01 
    6.1261460318051719E-01 
    6.1930761315777205E-01 
    6.2625048710624998E-01 
    6.3349594911912632E-01 
    6.4041934190945082E-01 
    6.4835608038993009E-01 
    6.5660565942062032E-01 
    6.6571796037884490E-01 
    6.7527432567125323E-01 
    6.8613716455568974E-01 
    6.9716138413399109E-01 
    7.0821222373805093E-01 
    7.1971496358210874E-01 
    7.3255595859012113E-01 
    7.4532242627614442E-01 
    7.5784368440458860E-01 
    7.7045889761475239E-01 
    7.8367656026001298E-01 
    7.9488081872853844E-01 
    8.0020351260655564E-01 
    8.0506105562307295E-01 
    8.0998755423025037E-01 
TIME 
    3.5338312479999985E+02 
